2 0.03203125 0.20234375 0.0609375 0.03046875
2 0.08984375 0.2046875 0.0609375 0.03046875
2 0.14921875 0.20625 0.0609375 0.0296875
2 0.20859375 0.2078125 0.0609375 0.02890625
3 0.328125 0.209375 0.06171875 0.03203125
3 0.26796875 0.21015625 0.0609375 0.03046875
2 0.028125 0.234375 0.05625 0.03125
2 0.14375 0.2359375 0.06171875 0.03125
2 0.084375 0.2375 0.0625 0.03046875
3 0.20546875 0.23828125 0.0609375 0.03125
3 0.265625 0.2390625 0.059375 0.02890625
3 0.3265625 0.2421875 0.059375 0.03203125
2 0.12421875 0.03359375 0.0640625 0.03671875
2 0.0640625 0.03515625 0.0625 0.0359375
3 0.18125 0.03671875 0.06171875 0.03515625
3 0.2421875 0.03671875 0.06171875 0.03515625
3 0.3015625 0.03671875 0.06328125 0.034375
3 0.0609375 0.37578125 0.059375 0.0375
3 0.11953125 0.375 0.06328125 0.0359375
3 0.1796875 0.3765625 0.065625 0.03828125
3 0.23671875 0.3828125 0.0640625 0.03828125
3 0.35703125 0.3859375 0.06484375 0.040625
3 0.05703125 0.4078125 0.0546875 0.03046875
3 0.17421875 0.4109375 0.0609375 0.03984375
3 0.11484375 0.41015625 0.0640625 0.034375
3 0.23515625 0.4171875 0.06328125 0.0375
3 0.29453125 0.41796875 0.06484375 0.04375
3 0.3546875 0.41875 0.059375 0.040625
3 0.05234375 0.43828125 0.0609375 0.0328125
3 0.1109375 0.44375 0.059375 0.0359375
3 0.171875 0.44609375 0.06484375 0.04140625
3 0.23359375 0.4484375 0.06328125 0.040625
3 0.29453125 0.4515625 0.06328125 0.03984375
3 0.3515625 0.453125 0.06328125 0.0390625
3 0.075 0.5765625 0.06171875 0.03515625
3 0.134375 0.58125 0.06328125 0.03828125
3 0.1953125 0.58359375 0.06171875 0.03828125
2 0.25546875 0.58828125 0.06171875 0.0359375
2 0.31640625 0.590625 0.0609375 0.03359375
3 0.37578125 0.59375 0.06015625 0.034375
3 0.0734375 0.6125 0.0625 0.03671875
3 0.1328125 0.61796875 0.06328125 0.03671875
2 0.19140625 0.6203125 0.0609375 0.03671875
2 0.25234375 0.621875 0.06171875 0.0359375
2 0.31171875 0.62421875 0.06171875 0.0328125
3 0.375 0.6265625 0.06171875 0.03359375
2 0.06875 0.6453125 0.0625 0.03671875
2 0.12890625 0.653125 0.06015625 0.0359375
2 0.18828125 0.65390625 0.0609375 0.03828125
3 0.24921875 0.65703125 0.06171875 0.0375
3 0.31015625 0.65859375 0.0609375 0.03671875
3 0.3703125 0.6609375 0.0625 0.03671875
2 0.04765625 0.78046875 0.06171875 0.034375
3 0.1078125 0.78359375 0.059375 0.0359375
3 0.165625 0.78828125 0.06171875 0.03828125
2 0.04453125 0.8140625 0.0578125 0.03828125
3 0.10234375 0.81796875 0.0609375 0.03828125
3 0.16171875 0.8234375 0.0609375 0.034375
3 0.040625 0.85 0.05859375 0.03984375
3 0.09921875 0.85390625 0.0609375 0.03984375
3 0.15859375 0.85703125 0.06015625 0.03828125
2 0.05 0.98125 0.0625 0.0375
2 0.10859375 0.9828125 0.06015625 0.03203125
3 0.16953125 0.98359375 0.05703125 0.03046875
3 0.0359375 0.17421875 0.059375 0.03203125
3 0.09375 0.175 0.0625 0.03359375
3 0.15390625 0.17578125 0.0609375 0.03203125
3 0.21171875 0.1765625 0.05859375 0.0328125
3 0.271875 0.178125 0.06015625 0.03203125
3 0.33046875 0.18125 0.05859375 0.034375