2 0.97265625 0.2984375 0.0546875 0.03515625
2 0.91640625 0.29765625 0.0578125 0.0328125
2 0.97421875 0.328125 0.0515625 0.02734375
2 0.9171875 0.33203125 0.059375 0.03125
2 0.97421875 0.36328125 0.0515625 0.0390625
2 0.9171875 0.3640625 0.059375 0.03359375
0 0.82734375 0.4921875 0.0609375 0.03515625
2 0.8859375 0.49375 0.0625 0.034375
0 0.94609375 0.49765625 0.0578125 0.034375
2 0.82734375 0.528125 0.06171875 0.0359375
1 0.8875 0.53046875 0.06015625 0.03671875
2 0.94765625 0.53203125 0.05859375 0.0328125
2 0.828125 0.56171875 0.059375 0.03359375
0 0.88828125 0.56484375 0.0609375 0.03203125
0 0.9484375 0.56640625 0.059375 0.03515625
2 0.79453125 0.69765625 0.05859375 0.0359375
2 0.8546875 0.7 0.06015625 0.0359375
2 0.91484375 0.7 0.05859375 0.0328125
2 0.971875 0.7015625 0.05625 0.0359375
2 0.7953125 0.73203125 0.059375 0.034375
2 0.85625 0.7328125 0.0625 0.03203125
0 0.91640625 0.734375 0.0578125 0.03515625
2 0.971875 0.7375 0.05546875 0.03359375
2 0.79609375 0.76640625 0.06015625 0.0375
2 0.85703125 0.76796875 0.06015625 0.0359375
2 0.91640625 0.76875 0.0578125 0.034375
2 0.971875 0.77265625 0.05625 0.0375
2 0.7015625 0.8984375 0.05859375 0.034375
2 0.759375 0.89921875 0.06015625 0.0375
2 0.82109375 0.9015625 0.06015625 0.034375
2 0.9375 0.903125 0.06015625 0.0375
2 0.87890625 0.90546875 0.0578125 0.03671875
2 0.70078125 0.93125 0.0578125 0.034375
2 0.759375 0.9359375 0.06015625 0.03671875
2 0.8203125 0.9375 0.059375 0.03828125
2 0.8796875 0.940625 0.059375 0.03359375
2 0.9390625 0.93984375 0.059375 0.03671875
2 0.70078125 0.96953125 0.0578125 0.03671875
2 0.759375 0.97265625 0.06015625 0.03515625
2 0.8203125 0.97421875 0.059375 0.03515625
2 0.8796875 0.97578125 0.059375 0.03671875
1 0.9390625 0.978125 0.06015625 0.0375