3 0.13671875 0.75859375 0.06171875 0.03359375
3 0.19921875 0.76171875 0.0609375 0.034375
3 0.13671875 0.79453125 0.0640625 0.034375
3 0.19765625 0.79921875 0.05859375 0.04296875
3 0.0734375 0.82578125 0.059375 0.04296875
3 0.134375 0.8296875 0.06171875 0.0421875
3 0.19296875 0.83828125 0.0578125 0.0359375
3 0.025 0.953125 0.05 0.0359375
3 0.0796875 0.9578125 0.05625 0.03359375
3 0.13671875 0.9625 0.0609375 0.03515625
3 0.19453125 0.96484375 0.0578125 0.03515625
3 0.25625 0.97109375 0.0625 0.0359375
3 0.025 0.9859375 0.05 0.02734375
3 0.07890625 0.98671875 0.05390625 0.025