2 0.06796875 0.26640625 0.0609375 0.0375
2 0.12890625 0.26953125 0.0609375 0.0390625
2 0.18984375 0.275 0.06015625 0.0375
2 0.25078125 0.2765625 0.06171875 0.0375
2 0.3125 0.28203125 0.06171875 0.040625
2 0.37265625 0.2828125 0.0609375 0.0390625
2 0.43359375 0.2875 0.06015625 0.0390625
2 0.4953125 0.28984375 0.06328125 0.03671875
2 0.55703125 0.29296875 0.0609375 0.03984375
2 0.61796875 0.29609375 0.06015625 0.0375
2 0.67890625 0.3 0.06171875 0.03671875
2 0.07109375 0.303125 0.0609375 0.03515625
2 0.74140625 0.30390625 0.0609375 0.0375
2 0.1296875 0.30625 0.06171875 0.034375
2 0.8015625 0.30703125 0.06015625 0.0359375
2 0.18984375 0.309375 0.06171875 0.03359375
2 0.8625 0.309375 0.059375 0.03671875
2 0.25078125 0.31171875 0.06171875 0.03359375
2 0.92109375 0.31484375 0.06015625 0.03515625
2 0.31171875 0.31640625 0.0609375 0.03515625
2 0.37265625 0.31796875 0.0609375 0.034375
2 0.434375 0.32109375 0.06171875 0.03359375
2 0.4953125 0.32578125 0.06171875 0.034375
2 0.55546875 0.32734375 0.0609375 0.03359375
2 0.61640625 0.33359375 0.06171875 0.034375
2 0.67734375 0.334375 0.0609375 0.0328125
2 0.07265625 0.3359375 0.0609375 0.03984375
2 0.73828125 0.33984375 0.0609375 0.03515625
2 0.13046875 0.33984375 0.06015625 0.0390625
2 0.7984375 0.3421875 0.059375 0.03515625
2 0.19140625 0.34453125 0.0609375 0.0359375
2 0.85859375 0.346875 0.06015625 0.0328125
2 0.25234375 0.346875 0.06015625 0.03671875
2 0.9171875 0.3484375 0.0625 0.03203125
2 0.3125 0.34921875 0.05859375 0.034375
2 0.97265625 0.3515625 0.0546875 0.03125
2 0.37265625 0.35234375 0.06015625 0.03671875
1 0.43203125 0.35625 0.0609375 0.03671875
2 0.49375 0.3578125 0.06015625 0.0328125
2 0.55390625 0.3609375 0.0609375 0.03515625
2 0.61484375 0.36484375 0.06171875 0.034375
2 0.67421875 0.36875 0.0609375 0.03359375
2 0.73515625 0.37265625 0.0609375 0.034375
2 0.7953125 0.3765625 0.059375 0.03359375
2 0.8546875 0.38046875 0.06015625 0.03359375
2 0.9140625 0.38203125 0.059375 0.0328125
0 0.97109375 0.38671875 0.05703125 0.03515625
2 0.03671875 0.4703125 0.0609375 0.04140625
2 0.0953125 0.471875 0.06015625 0.0375
2 0.15625 0.475 0.059375 0.0359375
2 0.21796875 0.48046875 0.06015625 0.0390625
2 0.27890625 0.48359375 0.06015625 0.03828125
2 0.33828125 0.48828125 0.0609375 0.0359375
2 0.40078125 0.490625 0.06015625 0.03515625
2 0.4609375 0.49296875 0.06015625 0.03359375
2 0.52265625 0.4984375 0.06015625 0.03671875
2 0.58359375 0.50390625 0.0609375 0.0390625
2 0.64453125 0.50703125 0.06171875 0.0375
0 0.03671875 0.5078125 0.06171875 0.03515625
0 0.09765625 0.509375 0.0609375 0.034375
2 0.70546875 0.51171875 0.0609375 0.0390625
2 0.1578125 0.51171875 0.059375 0.03515625
2 0.76640625 0.5125 0.06015625 0.0375
2 0.8265625 0.5140625 0.059375 0.0359375
2 0.21796875 0.515625 0.0609375 0.03515625
2 0.27890625 0.51875 0.06015625 0.0375
2 0.88671875 0.5203125 0.0609375 0.0375
2 0.94609375 0.52109375 0.0609375 0.03828125
0 0.33828125 0.5234375 0.06015625 0.034375
2 0.3984375 0.525 0.059375 0.03359375
2 0.46015625 0.52890625 0.0609375 0.034375
2 0.52109375 0.53359375 0.06015625 0.03203125
2 0.5828125 0.53671875 0.06171875 0.03515625
2 0.6421875 0.540625 0.06015625 0.034375
2 0.03828125 0.54140625 0.0609375 0.0328125
2 0.09765625 0.54296875 0.06171875 0.034375
2 0.70234375 0.54296875 0.0609375 0.03203125
2 0.76484375 0.54609375 0.0609375 0.03046875
2 0.1578125 0.5453125 0.059375 0.03671875
2 0.8234375 0.54921875 0.059375 0.03203125
2 0.21796875 0.55 0.0609375 0.0375
2 0.27890625 0.553125 0.06015625 0.0359375
2 0.88203125 0.55390625 0.0609375 0.0296875
4 0.33828125 0.5546875 0.0609375 0.03515625
2 0.94140625 0.5546875 0.0609375 0.03515625
2 0.3984375 0.56015625 0.059375 0.03515625
2 0.46015625 0.56328125 0.0609375 0.03359375
2 0.5203125 0.56484375 0.059375 0.0359375
2 0.58125 0.5703125 0.0625 0.034375
2 0.64140625 0.571875 0.06015625 0.03515625
2 0.70078125 0.57578125 0.06171875 0.034375
2 0.7609375 0.58046875 0.06015625 0.03515625
2 0.82109375 0.58125 0.06015625 0.03359375
2 0.88046875 0.5859375 0.0609375 0.03203125
2 0.93984375 0.58671875 0.0609375 0.03359375
2 0.1140625 0.06484375 0.059375 0.03671875
2 0.05546875 0.06640625 0.06015625 0.0390625
2 0.17421875 0.06640625 0.0609375 0.03515625
2 0.05859375 0.68203125 0.0640625 0.04375
2 0.23515625 0.06953125 0.0609375 0.0375
2 0.11953125 0.6875 0.0578125 0.04296875
2 0.178125 0.6890625 0.059375 0.0375
2 0.2375 0.69140625 0.059375 0.0390625
0 0.2984375 0.69296875 0.06015625 0.0390625
2 0.36171875 0.69765625 0.06015625 0.0390625
0 0.421875 0.7015625 0.06015625 0.040625
2 0.29609375 0.07265625 0.0609375 0.0359375
2 0.484375 0.70390625 0.059375 0.03984375
2 0.5453125 0.70703125 0.059375 0.0390625
2 0.60546875 0.709375 0.05859375 0.0390625
0 0.66640625 0.71015625 0.05859375 0.03828125
2 0.728125 0.7140625 0.059375 0.0375
2 0.06015625 0.715625 0.06015625 0.02890625
0 0.78828125 0.7171875 0.05703125 0.0359375
2 0.17890625 0.71875 0.06171875 0.03203125
2 0.11953125 0.72109375 0.0640625 0.028125
2 0.8484375 0.72109375 0.05859375 0.03515625
2 0.23984375 0.72265625 0.06015625 0.03203125
2 0.90859375 0.7234375 0.06171875 0.0359375
2 0.96796875 0.7265625 0.0578125 0.03515625
0 0.29921875 0.7265625 0.06015625 0.03125
2 0.36015625 0.73125 0.06015625 0.0328125
2 0.421875 0.7359375 0.059375 0.0296875
2 0.4828125 0.73828125 0.059375 0.03125
2 0.54375 0.74296875 0.06171875 0.0328125
2 0.6046875 0.74375 0.059375 0.034375
2 0.06171875 0.74453125 0.06015625 0.03203125
2 0.6640625 0.74609375 0.05859375 0.034375
2 0.11953125 0.7484375 0.06171875 0.03515625
0 0.72578125 0.74921875 0.0578125 0.034375
1 0.1796875 0.75 0.06015625 0.0359375
2 0.7859375 0.75078125 0.05859375 0.0328125
2 0.84375 0.7546875 0.05703125 0.0328125
0 0.2390625 0.75546875 0.05859375 0.03125
2 0.9046875 0.75625 0.0625 0.0328125
0 0.3 0.75859375 0.06015625 0.03359375
2 0.9640625 0.7609375 0.0625 0.0296875
2 0.35625 0.07734375 0.059375 0.0375
0 0.36171875 0.76171875 0.06015625 0.0359375
0 0.421875 0.76875 0.059375 0.0328125
0 0.48125 0.76875 0.059375 0.03359375
2 0.5421875 0.77421875 0.06015625 0.03671875
2 0.60234375 0.77734375 0.0609375 0.034375
2 0.66171875 0.77890625 0.05859375 0.03515625
1 0.72265625 0.78046875 0.0578125 0.034375
0 0.78359375 0.78359375 0.06015625 0.03515625
2 0.8421875 0.7875 0.06015625 0.03203125
2 0.9015625 0.78828125 0.06015625 0.03359375
2 0.959375 0.7921875 0.0625 0.03359375
2 0.47890625 0.08046875 0.0609375 0.0359375
2 0.4171875 0.08125 0.059375 0.04140625
2 0.53984375 0.08671875 0.0609375 0.0375
3 0.02890625 0.8765625 0.0578125 0.0375
2 0.6015625 0.08828125 0.059375 0.0359375
3 0.08515625 0.88125 0.05859375 0.03515625
2 0.14453125 0.88515625 0.0609375 0.0359375
2 0.20625 0.890625 0.06171875 0.0390625
2 0.265625 0.89453125 0.0625 0.0359375
2 0.32578125 0.896875 0.0609375 0.0359375
2 0.3875 0.89921875 0.06171875 0.0375
2 0.446875 0.903125 0.06328125 0.0359375
2 0.5078125 0.9109375 0.05859375 0.040625
3 0.0296875 0.9125 0.05859375 0.03125
3 0.0875 0.91484375 0.05703125 0.03203125
2 0.5703125 0.91484375 0.0625 0.0375
2 0.63203125 0.91640625 0.06171875 0.03515625
2 0.1453125 0.91796875 0.0625 0.03515625
2 0.6921875 0.91875 0.059375 0.0359375
2 0.753125 0.921875 0.059375 0.03515625
2 0.20546875 0.92265625 0.0609375 0.0359375
2 0.8125 0.92421875 0.0625 0.0359375
2 0.26640625 0.92578125 0.06171875 0.03203125
0 0.87265625 0.92734375 0.05703125 0.034375
0 0.93125 0.92890625 0.06171875 0.03359375
2 0.32734375 0.92890625 0.0609375 0.0296875
2 0.38671875 0.93359375 0.06171875 0.03125
0 0.4484375 0.9375 0.0625 0.03125
2 0.6625 0.09453125 0.059375 0.03671875
2 0.50859375 0.94375 0.05859375 0.02734375
3 0.0296875 0.94609375 0.059375 0.03671875
3 0.0890625 0.9484375 0.059375 0.03671875
2 0.56953125 0.94921875 0.06015625 0.03046875
0 0.628125 0.95078125 0.06015625 0.03046875
2 0.14765625 0.9515625 0.06015625 0.0359375
2 0.68828125 0.953125 0.06171875 0.03203125
2 0.20703125 0.953125 0.06171875 0.03515625
2 0.75 0.95390625 0.06328125 0.02890625
0 0.8078125 0.95703125 0.059375 0.03046875
2 0.265625 0.95703125 0.059375 0.03515625
2 0.8671875 0.96015625 0.06015625 0.0296875
2 0.92734375 0.9609375 0.05703125 0.028125
2 0.32734375 0.96171875 0.0609375 0.0328125
2 0.38671875 0.965625 0.06015625 0.0328125
2 0.44765625 0.96953125 0.06015625 0.0328125
2 0.5078125 0.97265625 0.059375 0.03203125
2 0.7234375 0.09921875 0.059375 0.0390625
2 0.56796875 0.9765625 0.0609375 0.02734375
2 0.62890625 0.978125 0.0609375 0.03046875
0 0.68828125 0.98046875 0.0609375 0.02734375
1 0.746875 0.984375 0.059375 0.03125
2 0.80625 0.98515625 0.06171875 0.02890625
0 0.86484375 0.9875 0.0578125 0.025
2 0.05546875 0.1 0.06171875 0.0359375
2 0.11640625 0.10078125 0.06015625 0.0375
2 0.78515625 0.1015625 0.0609375 0.03984375
2 0.17578125 0.103125 0.0609375 0.03515625
2 0.8453125 0.10546875 0.059375 0.0390625
2 0.23515625 0.10390625 0.0609375 0.0328125
2 0.90546875 0.109375 0.06015625 0.03828125
2 0.29609375 0.11015625 0.0609375 0.03671875
2 0.35625 0.1109375 0.059375 0.03515625
2 0.9640625 0.11328125 0.059375 0.0390625
2 0.41640625 0.1171875 0.0609375 0.03515625
2 0.47890625 0.11953125 0.0609375 0.03515625
2 0.5390625 0.12265625 0.06015625 0.0375
2 0.6 0.12578125 0.06015625 0.0359375
2 0.6609375 0.13125 0.059375 0.0359375
2 0.721875 0.13515625 0.059375 0.03671875
2 0.05703125 0.1359375 0.0609375 0.0375
2 0.78125 0.1390625 0.059375 0.0359375
0 0.1171875 0.1390625 0.059375 0.03984375
2 0.1765625 0.140625 0.059375 0.03828125
2 0.2359375 0.1421875 0.059375 0.0375
2 0.840625 0.1421875 0.059375 0.03828125
2 0.9 0.1453125 0.059375 0.03671875
2 0.29609375 0.14609375 0.0609375 0.03828125
1 0.35625 0.1484375 0.059375 0.03828125
2 0.959375 0.14921875 0.059375 0.0375
2 0.41640625 0.1515625 0.06015625 0.03828125
2 0.4765625 0.15625 0.059375 0.0390625
2 0.53828125 0.16171875 0.0609375 0.0375
0 0.5984375 0.16328125 0.059375 0.0375
0 0.6578125 0.16640625 0.059375 0.03671875
2 0.71875 0.16875 0.059375 0.0375
2 0.778125 0.1734375 0.06015625 0.03828125
1 0.8390625 0.1765625 0.059375 0.03671875
0 0.896875 0.18046875 0.05859375 0.0359375
4 0.95703125 0.18515625 0.0609375 0.03828125