3 0.24296875 0.7796875 0.0578125 0.0359375
3 0.3046875 0.7796875 0.06640625 0.03515625
3 0.37109375 0.78828125 0.06640625 0.0375
2 0.4890625 0.7921875 0.06015625 0.0375
3 0.48984375 0.7921875 0.06015625 0.0375
3 0.4328125 0.79296875 0.05625 0.03515625
2 0.55078125 0.796875 0.0609375 0.0359375
2 0.61171875 0.8015625 0.0609375 0.0328125
2 0.67265625 0.803125 0.0609375 0.0359375
2 0.73515625 0.80625 0.0609375 0.03515625
2 0.79609375 0.8109375 0.06328125 0.03125
3 0.24453125 0.8125 0.0578125 0.0359375
2 0.85625 0.8140625 0.06171875 0.034375
3 0.30390625 0.8140625 0.0640625 0.034375
2 0.91484375 0.81640625 0.0609375 0.034375
3 0.36875 0.8234375 0.06796875 0.0328125
3 0.4296875 0.82578125 0.05625 0.034375
2 0.48984375 0.8265625 0.0578125 0.03515625
2 0.54921875 0.82890625 0.06015625 0.0359375
0 0.609375 0.8328125 0.06015625 0.0328125
1 0.671875 0.8359375 0.0625 0.03125
2 0.73046875 0.83984375 0.0609375 0.03125
0 0.7921875 0.840625 0.06015625 0.0328125
2 0.85078125 0.84375 0.06171875 0.03046875
2 0.9109375 0.8453125 0.059375 0.03046875
3 0.24375 0.8453125 0.05625 0.0265625
3 0.303125 0.84921875 0.0625 0.034375
3 0.36953125 0.85703125 0.0671875 0.03046875
3 0.43125 0.85859375 0.05625 0.02578125
2 0.4875 0.8609375 0.05625 0.03046875
2 0.54765625 0.8609375 0.06015625 0.03046875
2 0.61015625 0.8640625 0.06015625 0.0328125
2 0.66953125 0.86875 0.0609375 0.03046875
2 0.72734375 0.86875 0.05859375 0.03046875
2 0.78671875 0.87265625 0.06171875 0.03046875
2 0.846875 0.8734375 0.059375 0.03203125
2 0.90625 0.875 0.05625 0.03203125