1 0.1953125 0.02109375 0.059375 0.03125
3 0.61484375 0.02265625 0.0609375 0.03359375
0 0.253125 0.02734375 0.059375 0.03046875
2 0.3109375 0.03046875 0.065625 0.02890625
2 0.37265625 0.03203125 0.06484375 0.02890625
3 0.43125 0.03828125 0.06328125 0.02890625
2 0.07421875 0.04140625 0.05859375 0.0390625
3 0.49375 0.04140625 0.0625 0.02890625
2 0.13125 0.04375 0.0625 0.040625
3 0.5546875 0.0484375 0.0625 0.03046875
3 0.6140625 0.053125 0.0625 0.03125
2 0.190625 0.05234375 0.06015625 0.0296875
2 0.2484375 0.05625 0.05859375 0.03125
2 0.30703125 0.0609375 0.0609375 0.03125
2 0.36875 0.06328125 0.0625 0.0328125
3 0.4296875 0.06640625 0.06328125 0.0265625
3 0.49140625 0.07265625 0.0609375 0.03203125
3 0.553125 0.07890625 0.0625 0.028125
3 0.61328125 0.08203125 0.0609375 0.03203125
3 0.496875 0.01328125 0.05859375 0.0265625
3 0.55546875 0.0171875 0.06171875 0.03125