2 0.28515625 0.0203125 0.0640625 0.028125
2 0.4328125 0.196875 0.06015625 0.03125
2 0.49375 0.203125 0.06015625 0.03515625
2 0.55390625 0.20546875 0.0609375 0.0359375
0 0.075 0.20859375 0.05859375 0.03125
2 0.61484375 0.21015625 0.06015625 0.03828125
2 0.13203125 0.21171875 0.05859375 0.0296875
2 0.67578125 0.21328125 0.0609375 0.03671875
1 0.8296875 0.021875 0.059375 0.03125
2 0.19140625 0.21640625 0.0578125 0.03046875
2 0.7359375 0.215625 0.059375 0.0375
3 0.79609375 0.21953125 0.06015625 0.0359375
0 0.24921875 0.2203125 0.06015625 0.03125
2 0.31015625 0.225 0.05859375 0.0328125
3 0.85859375 0.2265625 0.0640625 0.03984375
2 0.36953125 0.22890625 0.0609375 0.03125
0 0.43046875 0.23046875 0.0609375 0.03125
3 0.9203125 0.23359375 0.06171875 0.04140625
2 0.34609375 0.02265625 0.05703125 0.0296875
2 0.49140625 0.2359375 0.0609375 0.03359375
2 0.55234375 0.23984375 0.0609375 0.034375
2 0.06875 0.24140625 0.059375 0.03828125
2 0.61328125 0.24375 0.0609375 0.03359375
2 0.12734375 0.24375 0.05859375 0.03828125
2 0.67421875 0.246875 0.0609375 0.03203125
2 0.18671875 0.24921875 0.05859375 0.03671875
2 0.73515625 0.25078125 0.0609375 0.0328125
2 0.246875 0.25390625 0.059375 0.03515625
2 0.4046875 0.02578125 0.0625 0.03125
2 0.88984375 0.02578125 0.06015625 0.03203125
3 0.79609375 0.2546875 0.06171875 0.0359375
2 0.3078125 0.2578125 0.059375 0.0359375
3 0.8578125 0.26015625 0.065625 0.04296875
2 0.36796875 0.26171875 0.0609375 0.034375
2 0.42890625 0.2640625 0.0609375 0.03671875
3 0.9203125 0.265625 0.06328125 0.03984375
2 0.48984375 0.26796875 0.06171875 0.03671875
2 0.465625 0.02734375 0.06171875 0.03125
2 0.55078125 0.27421875 0.06171875 0.0359375
2 0.61171875 0.278125 0.06171875 0.03671875
2 0.67265625 0.28046875 0.06171875 0.0375
2 0.73515625 0.284375 0.0609375 0.03828125
3 0.79609375 0.2890625 0.06171875 0.0359375
3 0.9484375 0.02890625 0.06015625 0.03125
3 0.85625 0.2953125 0.06640625 0.040625
3 0.9203125 0.29921875 0.0625 0.03671875
2 0.52578125 0.03125 0.06015625 0.03203125
2 0.58828125 0.034375 0.06015625 0.0296875
2 0.64765625 0.03828125 0.06015625 0.03046875
2 0.04140625 0.378125 0.0640625 0.03828125
2 0.10078125 0.3796875 0.06328125 0.0359375
1 0.15703125 0.384375 0.0609375 0.03359375
2 0.2171875 0.38671875 0.059375 0.03515625
2 0.27578125 0.390625 0.06015625 0.03515625
2 0.04609375 0.03984375 0.06015625 0.0375
2 0.33515625 0.3953125 0.0609375 0.03671875
0 0.39609375 0.39765625 0.0609375 0.034375
0 0.45703125 0.40234375 0.06171875 0.0359375
0 0.515625 0.40625 0.059375 0.03515625
2 0.0359375 0.40859375 0.0625 0.03203125
2 0.10546875 0.04140625 0.0609375 0.0359375
2 0.70859375 0.04296875 0.0609375 0.03125
0 0.578125 0.41015625 0.06171875 0.0359375
2 0.0953125 0.41484375 0.0625 0.0359375
0 0.63828125 0.41484375 0.06015625 0.03671875
2 0.15390625 0.41875 0.0609375 0.03671875
2 0.2140625 0.41875 0.06171875 0.03203125
1 0.6984375 0.41953125 0.06015625 0.03828125
2 0.759375 0.42265625 0.06015625 0.03671875
2 0.271875 0.42578125 0.059375 0.0359375
2 0.82109375 0.428125 0.06015625 0.0390625
2 0.3328125 0.42890625 0.06171875 0.03359375
2 0.1625 0.04375 0.0625 0.0359375
2 0.39375 0.43046875 0.06015625 0.0328125
2 0.88203125 0.43125 0.06015625 0.03828125
2 0.4546875 0.434375 0.0625 0.0328125
2 0.94140625 0.43515625 0.0609375 0.03828125
2 0.5140625 0.4421875 0.06015625 0.0359375
0 0.5765625 0.44453125 0.0625 0.02890625
2 0.03203125 0.44453125 0.0640625 0.0375
2 0.6390625 0.44921875 0.059375 0.034375
2 0.76953125 0.046875 0.06015625 0.03046875
2 0.221875 0.046875 0.059375 0.03828125
0 0.0890625 0.45078125 0.06015625 0.03828125
2 0.69921875 0.45390625 0.0609375 0.0328125
2 0.14921875 0.45390625 0.0609375 0.03671875
2 0.7609375 0.45546875 0.059375 0.0359375
0 0.209375 0.45546875 0.059375 0.03984375
2 0.81953125 0.4609375 0.06171875 0.0359375
2 0.26875 0.4609375 0.0625 0.0390625
2 0.33046875 0.4625 0.06171875 0.0390625
2 0.88203125 0.46328125 0.0609375 0.03515625
2 0.38984375 0.46875 0.0609375 0.0421875
2 0.9421875 0.4703125 0.05859375 0.03359375
0 0.45078125 0.47109375 0.0609375 0.03984375
2 0.51328125 0.47734375 0.06015625 0.03984375
0 0.57421875 0.47890625 0.0609375 0.03984375
2 0.63671875 0.4828125 0.0609375 0.0390625
2 0.69921875 0.48671875 0.06015625 0.04453125
2 0.2828125 0.04921875 0.0625 0.03984375
2 0.8296875 0.05 0.06015625 0.0296875
2 0.7609375 0.4890625 0.059375 0.04453125
2 0.82109375 0.49453125 0.0609375 0.04296875
2 0.88203125 0.49921875 0.0609375 0.0375
2 0.94296875 0.50390625 0.0578125 0.03515625
2 0.34453125 0.053125 0.0640625 0.0359375
2 0.89140625 0.05546875 0.0609375 0.02890625
3 0.95 0.05703125 0.06015625 0.02734375
2 0.40234375 0.05703125 0.06171875 0.03515625
2 0.46328125 0.0578125 0.0609375 0.03671875
2 0.06328125 0.58046875 0.0609375 0.03515625
2 0.12109375 0.5828125 0.06171875 0.0375
2 0.1796875 0.5875 0.0625 0.0375
2 0.2390625 0.59296875 0.06171875 0.0375
2 0.29765625 0.59765625 0.06171875 0.03828125
2 0.3578125 0.60390625 0.0625 0.0390625
2 0.41640625 0.6078125 0.0609375 0.0390625
2 0.47734375 0.61171875 0.06015625 0.0359375
2 0.0578125 0.6125 0.0625 0.03359375
2 0.11484375 0.61640625 0.0609375 0.03359375
4 0.53671875 0.615625 0.0609375 0.0359375
2 0.59921875 0.6203125 0.06171875 0.0375
2 0.175 0.621875 0.0625 0.03359375
2 0.66015625 0.62421875 0.06015625 0.03828125
2 0.52421875 0.0640625 0.0609375 0.03515625
2 0.234375 0.6265625 0.06171875 0.034375
2 0.72109375 0.62734375 0.06015625 0.03671875
2 0.78046875 0.63046875 0.06015625 0.034375
2 0.29453125 0.63125 0.06328125 0.0328125
2 0.840625 0.634375 0.059375 0.034375
2 0.35390625 0.63671875 0.0640625 0.0359375
0 0.9015625 0.63671875 0.059375 0.03515625
2 0.4140625 0.640625 0.0625 0.0359375
2 0.9609375 0.64375 0.06015625 0.04140625
2 0.475 0.64609375 0.0625 0.03359375
2 0.053125 0.646875 0.06171875 0.04296875
0 0.53671875 0.65 0.06171875 0.034375
2 0.11171875 0.6515625 0.06171875 0.040625
2 0.59765625 0.65546875 0.06015625 0.0375
2 0.17109375 0.65703125 0.0609375 0.0359375
2 0.65859375 0.659375 0.06015625 0.0375
2 0.23046875 0.6625 0.06171875 0.03984375
2 0.71953125 0.6625 0.0609375 0.0359375
2 0.58671875 0.0671875 0.0609375 0.0375
0 0.78046875 0.66484375 0.0609375 0.03359375
0 0.84140625 0.665625 0.06015625 0.03125
2 0.29140625 0.66640625 0.0609375 0.040625
2 0.35078125 0.67109375 0.06328125 0.03671875
0 0.9015625 0.67265625 0.06015625 0.03203125
2 0.4125 0.67578125 0.0625 0.03515625
3 0.96171875 0.6765625 0.06015625 0.03671875
2 0.47265625 0.68125 0.0609375 0.03828125
2 0.53359375 0.68359375 0.0609375 0.0390625
2 0.64765625 0.0703125 0.06015625 0.03828125
2 0.596875 0.6921875 0.06171875 0.03984375
2 0.65703125 0.6953125 0.0609375 0.03828125
2 0.71796875 0.70078125 0.06171875 0.0421875
2 0.78046875 0.703125 0.06015625 0.04296875
2 0.84140625 0.70625 0.0609375 0.0421875
2 0.90234375 0.709375 0.0609375 0.04453125
3 0.9640625 0.7140625 0.06171875 0.0421875
2 0.70859375 0.075 0.0609375 0.0375
2 0.76953125 0.078125 0.06015625 0.0359375
2 0.08515625 0.78671875 0.05859375 0.03515625
2 0.14375 0.79375 0.05859375 0.03671875
2 0.20234375 0.79609375 0.0609375 0.034375
2 0.83046875 0.08046875 0.06015625 0.03984375
2 0.2609375 0.8015625 0.059375 0.03359375
2 0.32109375 0.80625 0.0609375 0.03359375
2 0.38046875 0.81015625 0.0609375 0.03359375
1 0.44140625 0.81328125 0.0609375 0.0359375
2 0.50234375 0.81875 0.0609375 0.0359375
2 0.08046875 0.8203125 0.06015625 0.03515625
2 0.56171875 0.82265625 0.06171875 0.0359375
2 0.13984375 0.82421875 0.0609375 0.0359375
2 0.62265625 0.8265625 0.0609375 0.0359375
2 0.2 0.828125 0.06171875 0.03515625
2 0.68359375 0.8328125 0.06171875 0.0359375
2 0.25625 0.83515625 0.06015625 0.034375
2 0.74375 0.8359375 0.05859375 0.0359375
2 0.80546875 0.83828125 0.0609375 0.0359375
2 0.31875 0.8390625 0.0625 0.03359375
3 0.89140625 0.0859375 0.06015625 0.03515625
1 0.865625 0.8421875 0.06015625 0.0359375
2 0.378125 0.84375 0.06171875 0.03515625
3 0.9265625 0.8453125 0.06015625 0.03828125
2 0.4390625 0.8484375 0.06171875 0.03359375
2 0.075 0.85390625 0.05859375 0.0359375
2 0.49921875 0.8546875 0.06171875 0.03828125
2 0.5609375 0.859375 0.0625 0.03515625
2 0.13515625 0.86015625 0.06015625 0.03671875
2 0.62109375 0.86328125 0.0609375 0.034375
2 0.19609375 0.8640625 0.0609375 0.0375
2 0.68359375 0.86640625 0.06171875 0.0328125
2 0.2546875 0.86953125 0.06015625 0.0390625
2 0.74453125 0.8703125 0.0609375 0.03359375
2 0.315625 0.87421875 0.0625 0.0375
2 0.80546875 0.87578125 0.0609375 0.0328125
1 0.865625 0.8765625 0.06015625 0.034375
2 0.37578125 0.88046875 0.0609375 0.0390625
3 0.928125 0.88125 0.06171875 0.0359375
2 0.43671875 0.88359375 0.06171875 0.040625
2 0.49765625 0.890625 0.06171875 0.0390625
2 0.559375 0.8953125 0.0625 0.0375
2 0.621875 0.89921875 0.06171875 0.0359375
2 0.6828125 0.90234375 0.06171875 0.0390625
2 0.74296875 0.90703125 0.06171875 0.03671875
2 0.80546875 0.91015625 0.06171875 0.0390625
2 0.865625 0.91328125 0.06015625 0.03828125
2 0.92734375 0.9171875 0.06171875 0.03671875
1 0.04296875 0.97890625 0.06015625 0.040625
2 0.10078125 0.98203125 0.0609375 0.03515625
2 0.70859375 0.01484375 0.0609375 0.0296875
0 0.22578125 0.01640625 0.06328125 0.028125
0 0.76875 0.01875 0.059375 0.02890625
2 0.078125 0.178125 0.059375 0.03203125
1 0.1359375 0.1828125 0.059375 0.03359375
0 0.19609375 0.184375 0.0578125 0.0328125
2 0.25390625 0.18828125 0.05859375 0.0328125
2 0.3125 0.1921875 0.059375 0.03359375
2 0.3734375 0.19453125 0.059375 0.03359375