2 0.60703125 0.26328125 0.0578125 0.03046875
2 0.6671875 0.2671875 0.05859375 0.034375
2 0.7265625 0.2671875 0.05859375 0.03125
2 0.78671875 0.2703125 0.0578125 0.0328125
2 0.84609375 0.275 0.06015625 0.03359375
2 0.90625 0.28046875 0.05859375 0.03359375
2 0.96484375 0.2828125 0.05859375 0.03515625
2 0.60625 0.29375 0.059375 0.0296875
2 0.6671875 0.2953125 0.06015625 0.02890625
0 0.7265625 0.2984375 0.059375 0.03046875
0 0.7875 0.30078125 0.05859375 0.03203125
2 0.84765625 0.30703125 0.06015625 0.0328125
2 0.9078125 0.3109375 0.05859375 0.0359375
2 0.9671875 0.315625 0.05859375 0.03671875
2 0.60625 0.32421875 0.059375 0.03515625
1 0.665625 0.3296875 0.06015625 0.0375
2 0.7265625 0.3296875 0.06015625 0.0375
2 0.7875 0.334375 0.059375 0.03515625
2 0.8484375 0.33984375 0.05859375 0.03515625
2 0.909375 0.34296875 0.059375 0.03359375
2 0.96875 0.34921875 0.059375 0.03359375
2 0.50703125 0.4609375 0.0578125 0.034375
2 0.565625 0.46328125 0.059375 0.03671875
2 0.62578125 0.465625 0.0609375 0.03671875
2 0.6859375 0.46953125 0.06015625 0.03671875
2 0.746875 0.47109375 0.059375 0.0359375
2 0.80625 0.475 0.05859375 0.0359375
2 0.8671875 0.47890625 0.059375 0.0359375
0 0.9265625 0.48203125 0.05859375 0.034375
2 0.503125 0.49375 0.06015625 0.03515625
2 0.5640625 0.49609375 0.059375 0.034375
2 0.625 0.49921875 0.059375 0.03359375
2 0.6859375 0.50390625 0.05859375 0.0359375
2 0.746875 0.50546875 0.05859375 0.03515625
2 0.80625 0.50859375 0.059375 0.03359375
2 0.8671875 0.51328125 0.05859375 0.03359375
2 0.9265625 0.51484375 0.059375 0.03359375
2 0.50234375 0.528125 0.06015625 0.0359375
2 0.56328125 0.53203125 0.0609375 0.0375
1 0.625 0.534375 0.06171875 0.03828125
2 0.6859375 0.53984375 0.06015625 0.0359375
2 0.74609375 0.54140625 0.0578125 0.0359375
2 0.80625 0.54453125 0.059375 0.03828125
2 0.86796875 0.54609375 0.06015625 0.03828125
2 0.928125 0.55 0.059375 0.03671875
2 0.66796875 0.0625 0.05859375 0.03046875
2 0.7265625 0.0640625 0.05859375 0.03046875
0 0.4140625 0.65546875 0.05703125 0.0328125
2 0.47265625 0.65703125 0.0578125 0.03203125
0 0.53359375 0.66171875 0.05703125 0.034375
2 0.5921875 0.66484375 0.05859375 0.03671875
2 0.784375 0.06875 0.06015625 0.03203125
2 0.6515625 0.6671875 0.059375 0.03828125
2 0.7125 0.671875 0.059375 0.0390625
1 0.77265625 0.675 0.0578125 0.03828125
2 0.83203125 0.67890625 0.05859375 0.03671875
2 0.89296875 0.68125 0.0578125 0.03515625
2 0.95078125 0.6828125 0.05703125 0.03359375
2 0.4109375 0.6890625 0.05546875 0.0375
1 0.47109375 0.6921875 0.05703125 0.0359375
2 0.53203125 0.696875 0.05859375 0.0375
2 0.5921875 0.69921875 0.059375 0.034375
2 0.65234375 0.703125 0.06015625 0.03515625
2 0.7125 0.70625 0.059375 0.0375
2 0.77265625 0.70859375 0.0578125 0.03359375
2 0.8328125 0.7125 0.059375 0.034375
0 0.89296875 0.715625 0.0578125 0.03359375
0 0.95234375 0.715625 0.0578125 0.03203125
2 0.409375 0.72421875 0.05859375 0.03828125
2 0.46953125 0.72734375 0.0578125 0.040625
2 0.52890625 0.73046875 0.0578125 0.0390625
1 0.590625 0.73515625 0.05859375 0.03984375
2 0.6515625 0.73828125 0.05859375 0.0390625
0 0.90625 0.07578125 0.059375 0.034375
2 0.7125 0.7421875 0.059375 0.0390625
0 0.7734375 0.7453125 0.059375 0.040625
2 0.8328125 0.7484375 0.059375 0.04296875
2 0.89375 0.7515625 0.05859375 0.0421875
2 0.9546875 0.75234375 0.05859375 0.04375
2 0.84609375 0.0765625 0.0578125 0.028125
2 0.96484375 0.08125 0.0578125 0.03359375
2 0.3796875 0.85703125 0.05546875 0.034375
2 0.4390625 0.8609375 0.05625 0.034375
2 0.49765625 0.86328125 0.05703125 0.03046875
2 0.55625 0.86796875 0.05703125 0.0359375
2 0.6171875 0.86953125 0.059375 0.0359375
0 0.6765625 0.87265625 0.059375 0.03828125
2 0.7375 0.8765625 0.059375 0.034375
0 0.79765625 0.88125 0.06015625 0.03671875
2 0.85703125 0.88359375 0.0578125 0.0375
2 0.91640625 0.88671875 0.0578125 0.034375
2 0.9734375 0.88828125 0.053125 0.034375
2 0.37578125 0.8921875 0.0546875 0.03828125
2 0.43671875 0.8953125 0.05859375 0.03671875
0 0.49609375 0.896875 0.0578125 0.03671875
2 0.55703125 0.9 0.05703125 0.03359375
0 0.6171875 0.90390625 0.05859375 0.03359375
2 0.6765625 0.90859375 0.059375 0.03515625
2 0.7359375 0.91328125 0.06015625 0.0375
2 0.79765625 0.9171875 0.06015625 0.0421875
0 0.66796875 0.09375 0.0578125 0.03046875
2 0.8578125 0.92109375 0.05859375 0.04140625
2 0.91796875 0.92265625 0.05703125 0.040625
2 0.9734375 0.92265625 0.053125 0.0375
2 0.3734375 0.92734375 0.05703125 0.03515625
1 0.43203125 0.93125 0.0609375 0.03828125
0 0.49453125 0.9328125 0.06015625 0.040625
2 0.7265625 0.09453125 0.0625 0.03203125
2 0.5546875 0.9390625 0.059375 0.04140625
2 0.615625 0.94140625 0.06015625 0.0421875
2 0.6765625 0.9453125 0.059375 0.04296875
2 0.7359375 0.9484375 0.059375 0.0421875
2 0.796875 0.953125 0.059375 0.0390625
2 0.8578125 0.9578125 0.059375 0.0375
2 0.9171875 0.96015625 0.05859375 0.0375
2 0.97265625 0.96015625 0.05390625 0.040625
2 0.7859375 0.09921875 0.059375 0.0296875
2 0.84609375 0.1046875 0.0578125 0.0328125
2 0.90625 0.1046875 0.059375 0.03046875
2 0.965625 0.11015625 0.059375 0.02890625
2 0.66640625 0.1234375 0.05703125 0.0359375
2 0.725 0.12734375 0.06328125 0.03671875
2 0.7875 0.13203125 0.05859375 0.034375
2 0.8484375 0.1359375 0.05859375 0.034375
2 0.9078125 0.1375 0.059375 0.0375
2 0.96875 0.14140625 0.05859375 0.03671875